
0.086923
0.064616
0.120278
0.143730
0.098651
0.134331
0.162248
0.128501
0.177309
0.255693
0.201515
0.210359
0.229586
0.229593
0.317089
0.351778
0.314191
0.386033
0.345242
0.409821
0.406921
0.401427
0.390009
0.417227
0.419802
0.453683
0.520548
0.502820
0.502483
0.530554
0.508539
0.591734
0.603957
0.556929
0.608807
0.576192
0.622766
0.656742
0.636146
0.697413
0.723839
0.715018
0.741630
0.729253
0.749992
0.755787
0.741426
0.804250
0.806340
0.801415
0.801284
0.872678
0.845657
0.829020
0.829806
0.835208
0.832846
0.889566
0.883636
0.939875
0.916622
0.905297
0.937698
0.983862
0.986562
0.911111
0.923574
1.010852
0.943627
0.955490
0.989194
1.044487
0.962284
1.026647
0.982927
1.048570
0.972359
1.019467
1.015221
1.054685
1.038722
1.008929
1.000892
1.047794
1.066982
1.045561
1.035215
1.050477
1.013249
1.038618
1.006928
1.096442
1.026165
1.042558
1.001266
1.033891
0.999222
1.012481
0.996170
1.049421
1.061626
1.044132
1.004775
1.053044
0.985714
1.064098
0.967314
1.014958
1.039124
0.985818
0.945580
0.994727
0.959796
0.997067
0.923012
0.953428
0.981981
0.894455
0.963611
0.889473
0.891304
0.930696
0.932743
0.888663
0.837094
0.890123
0.832995
0.829120
0.880061
0.858197
0.858192
0.831763
0.803416
0.800570
0.818690
0.796862
0.765641
0.717342
0.741112
0.717404
0.722951
0.688148
0.695586
0.609799
0.599602
0.573668
0.653687
0.552626
0.534229
0.589235
0.530122
0.573991
0.480211
0.516117
0.511387
0.478141
0.488316
0.466133
0.424385
0.451980
0.349668
0.365206
0.348307
0.342083
0.327229
0.271490
0.322701
0.242835
0.253830
0.193693
0.255029
0.186333
0.224970
0.125211
0.180727
0.174683
0.164434
0.059725
0.078944
0.045270
0.090936
0.003850
-0.002947
0.009723
-0.036201
-0.047512
-0.012891
-0.042939
-0.064079
-0.057487
-0.092710
-0.138223
-0.107951
-0.149637
-0.208431
-0.212584
-0.199439
-0.250741
-0.259369
-0.273717
-0.243174
-0.308433
-0.362790
-0.334101
-0.353699
-0.367987
-0.361019
-0.377148
-0.394506
-0.442682
-0.447911
-0.465336
-0.491139
-0.462056
-0.461488
-0.549729
-0.540134
-0.532520
-0.539725
-0.590232
-0.585800
-0.594607
-0.586227
-0.645953
-0.686589
-0.611291
-0.642809
-0.645072
-0.743020
-0.671739
-0.715726
-0.693565
-0.709010
-0.744868
-0.752533
-0.732184
-0.758448
-0.767071
-0.816400
-0.801032
-0.828948
-0.798507
-0.854721
-0.821153
-0.814587
-0.832325
-0.909004
-0.852479
-0.829598
-0.891175
-0.862774
-0.937523
-0.914785
-0.895411
-0.874504
-0.890173
-0.908599
-0.937360
-0.892330
-0.939002
-0.954765
-0.945994
-0.897489
-0.984441
-0.968267
-0.976419
-0.973378
-0.979156
-0.931628
-0.908558
-0.947014
-0.991116
-0.943347
-0.989367
-0.899890
-0.958581
-0.990335
-0.902977
-0.894992
-0.896487
-0.966274
-0.903185
-0.916940
-0.963597
-0.907718
-0.892556
-0.872059
-0.949707
-0.869889
-0.882635
-0.845305
-0.892411
-0.913948
-0.919568
-0.860910
-0.882699
-0.827689
-0.809525
-0.843579
-0.868788
-0.851511
-0.828309
-0.827173
-0.817591
-0.731522
-0.749512
-0.807745
-0.743186
-0.771686
-0.775617
-0.687728
-0.661607
-0.706834
-0.706374
-0.708289
-0.681441
-0.668495
-0.628893
-0.616559
-0.589465
-0.565338
-0.563766
-0.564772
-0.540873
-0.550159
-0.551628
-0.488069
-0.513263
-0.495253
-0.514510
-0.457903
-0.433953
-0.448063
-0.376394
-0.357909
-0.339864
-0.388981
-0.377321
-0.279105
-0.279417
-0.263170
-0.265382
-0.281300
-0.215786
-0.208292
-0.201087
-0.217592
-0.140897
-0.149994
-0.158365
-0.168835
-0.059559
-0.087041
-0.056615
-0.084921
-0.053057
-0.038008
-0.008225
0.020208
0.018373